=== alp分析結果 ===
分析日時: Mon Aug 25 20:07:44 UTC 2025
対象ファイル: /var/log/nginx/access.log
ファイルサイズ: 1.5M
総リクエスト数: 5327
ログ形式: JSON

=== レスポンス時間順分析（上位30件） ===
+-------+-----+------+-----+-----+-----+--------+-------------------------------+-------+-------+---------+-------+-------+-------+-------+--------+-----------+-----------+------------+-----------+
| COUNT | 1XX | 2XX  | 3XX | 4XX | 5XX | METHOD |              URI              |  MIN  |  MAX  |   SUM   |  AVG  |  P90  |  P95  |  P99  | STDDEV | MIN(BODY) | MAX(BODY) | SUM(BODY)  | AVG(BODY) |
+-------+-----+------+-----+-----+-----+--------+-------------------------------+-------+-------+---------+-------+-------+-------+-------+--------+-----------+-----------+------------+-----------+
| 4061  | 0   | 4048 | 0   | 13  | 0   | GET    | /api/chair/notification       | 0.007 | 0.338 | 288.912 | 0.071 | 0.146 | 0.195 | 0.269 | 0.054  | 0.000     | 266.000   | 296928.000 | 73.117    |
| 618   | 0   | 612  | 0   | 6   | 0   | GET    | /api/app/notification         | 0.024 | 0.484 | 139.852 | 0.226 | 0.359 | 0.384 | 0.439 | 0.083  | 0.000     | 428.000   | 236329.000 | 382.409   |
| 489   | 0   | 489  | 0   | 0   | 0   | POST   | /api/chair/coordinate         | 0.052 | 0.384 | 79.386  | 0.162 | 0.231 | 0.246 | 0.292 | 0.048  | 29.000    | 29.000    | 14181.000  | 29.000    |
| 24    | 0   | 24   | 0   | 0   | 0   | GET    | /api/owner/chairs             | 0.162 | 3.650 | 71.332  | 2.972 | 3.571 | 3.627 | 3.650 | 0.699  | 728.000   | 19007.000 | 36794.000  | 1533.083  |
| 13    | 0   | 13   | 0   | 0   | 0   | GET    | /api/app/nearby-chairs        | 3.299 | 4.075 | 49.189  | 3.784 | 4.052 | 4.075 | 4.075 | 0.212  | 42.000    | 882.000   | 4160.000   | 320.000   |
| 25    | 0   | 25   | 0   | 0   | 0   | POST   | /api/app/rides                | 0.001 | 0.219 | 2.029   | 0.081 | 0.180 | 0.197 | 0.219 | 0.067  | 26.000    | 52.000    | 943.000    | 37.720    |
| 1     | 0   | 1    | 0   | 0   | 0   | POST   | /api/initialize               | 1.778 | 1.778 | 1.778   | 1.778 | 1.778 | 1.778 | 1.778 | 0.000  | 17.000    | 17.000    | 17.000     | 17.000    |
| 13    | 0   | 13   | 0   | 0   | 0   | POST   | /api/chair/rides/[^/]+/status | 0.037 | 0.159 | 1.125   | 0.087 | 0.125 | 0.159 | 0.159 | 0.032  | 0.000     | 0.000     | 0.000      | 0.000     |
| 20    | 0   | 20   | 0   | 0   | 0   | POST   | /api/chair/activity           | 0.031 | 0.055 | 0.789   | 0.039 | 0.055 | 0.055 | 0.055 | 0.009  | 0.000     | 0.000     | 0.000      | 0.000     |
| 16    | 0   | 16   | 0   | 0   | 0   | GET    | /api/app/rides                | 0.002 | 0.071 | 0.711   | 0.044 | 0.068 | 0.071 | 0.071 | 0.020  | 12.000    | 2158.000  | 4090.000   | 255.625   |
| 10    | 0   | 10   | 0   | 0   | 0   | POST   | /api/app/payment-methods      | 0.034 | 0.055 | 0.514   | 0.051 | 0.055 | 0.055 | 0.055 | 0.007  | 0.000     | 0.000     | 0.000      | 0.000     |
| 2     | 0   | 2    | 0   | 0   | 0   | GET    | /api/owner/sales              | 0.131 | 0.187 | 0.318   | 0.159 | 0.187 | 0.187 | 0.187 | 0.028  | 9017.000  | 9183.000  | 18200.000  | 9100.000  |
| 20    | 0   | 20   | 0   | 0   | 0   | POST   | /api/chair/chairs             | 0.006 | 0.009 | 0.140   | 0.007 | 0.009 | 0.009 | 0.009 | 0.001  | 75.000    | 75.000    | 1500.000   | 75.000    |
| 10    | 0   | 10   | 0   | 0   | 0   | POST   | /api/app/users                | 0.006 | 0.010 | 0.070   | 0.007 | 0.008 | 0.010 | 0.010 | 0.001  | 86.000    | 86.000    | 860.000    | 86.000    |
| 5     | 0   | 5    | 0   | 0   | 0   | POST   | /api/owner/owners             | 0.006 | 0.007 | 0.032   | 0.006 | 0.007 | 0.007 | 0.007 | 0.000  | 125.000   | 125.000   | 625.000    | 125.000   |
+-------+-----+------+-----+-----+-----+--------+-------------------------------+-------+-------+---------+-------+-------+-------+-------+--------+-----------+-----------+------------+-----------+

=== リクエスト数順分析（上位30件） ===
+-------+-----+------+-----+-----+-----+--------+-------------------------------+-------+-------+---------+-------+-------+-------+-------+--------+-----------+-----------+------------+-----------+
| COUNT | 1XX | 2XX  | 3XX | 4XX | 5XX | METHOD |              URI              |  MIN  |  MAX  |   SUM   |  AVG  |  P90  |  P95  |  P99  | STDDEV | MIN(BODY) | MAX(BODY) | SUM(BODY)  | AVG(BODY) |
+-------+-----+------+-----+-----+-----+--------+-------------------------------+-------+-------+---------+-------+-------+-------+-------+--------+-----------+-----------+------------+-----------+
| 4061  | 0   | 4048 | 0   | 13  | 0   | GET    | /api/chair/notification       | 0.007 | 0.338 | 288.912 | 0.071 | 0.146 | 0.195 | 0.269 | 0.054  | 0.000     | 266.000   | 296928.000 | 73.117    |
| 618   | 0   | 612  | 0   | 6   | 0   | GET    | /api/app/notification         | 0.024 | 0.484 | 139.852 | 0.226 | 0.359 | 0.384 | 0.439 | 0.083  | 0.000     | 428.000   | 236329.000 | 382.409   |
| 489   | 0   | 489  | 0   | 0   | 0   | POST   | /api/chair/coordinate         | 0.052 | 0.384 | 79.386  | 0.162 | 0.231 | 0.246 | 0.292 | 0.048  | 29.000    | 29.000    | 14181.000  | 29.000    |
| 25    | 0   | 25   | 0   | 0   | 0   | POST   | /api/app/rides                | 0.001 | 0.219 | 2.029   | 0.081 | 0.180 | 0.197 | 0.219 | 0.067  | 26.000    | 52.000    | 943.000    | 37.720    |
| 24    | 0   | 24   | 0   | 0   | 0   | GET    | /api/owner/chairs             | 0.162 | 3.650 | 71.332  | 2.972 | 3.571 | 3.627 | 3.650 | 0.699  | 728.000   | 19007.000 | 36794.000  | 1533.083  |
| 20    | 0   | 20   | 0   | 0   | 0   | POST   | /api/chair/chairs             | 0.006 | 0.009 | 0.140   | 0.007 | 0.009 | 0.009 | 0.009 | 0.001  | 75.000    | 75.000    | 1500.000   | 75.000    |
| 20    | 0   | 20   | 0   | 0   | 0   | POST   | /api/chair/activity           | 0.031 | 0.055 | 0.789   | 0.039 | 0.055 | 0.055 | 0.055 | 0.009  | 0.000     | 0.000     | 0.000      | 0.000     |
| 16    | 0   | 16   | 0   | 0   | 0   | GET    | /api/app/rides                | 0.002 | 0.071 | 0.711   | 0.044 | 0.068 | 0.071 | 0.071 | 0.020  | 12.000    | 2158.000  | 4090.000   | 255.625   |
| 13    | 0   | 13   | 0   | 0   | 0   | POST   | /api/chair/rides/[^/]+/status | 0.037 | 0.159 | 1.125   | 0.087 | 0.125 | 0.159 | 0.159 | 0.032  | 0.000     | 0.000     | 0.000      | 0.000     |
| 13    | 0   | 13   | 0   | 0   | 0   | GET    | /api/app/nearby-chairs        | 3.299 | 4.075 | 49.189  | 3.784 | 4.052 | 4.075 | 4.075 | 0.212  | 42.000    | 882.000   | 4160.000   | 320.000   |
| 10    | 0   | 10   | 0   | 0   | 0   | POST   | /api/app/users                | 0.006 | 0.010 | 0.070   | 0.007 | 0.008 | 0.010 | 0.010 | 0.001  | 86.000    | 86.000    | 860.000    | 86.000    |
| 10    | 0   | 10   | 0   | 0   | 0   | POST   | /api/app/payment-methods      | 0.034 | 0.055 | 0.514   | 0.051 | 0.055 | 0.055 | 0.055 | 0.007  | 0.000     | 0.000     | 0.000      | 0.000     |
| 5     | 0   | 5    | 0   | 0   | 0   | POST   | /api/owner/owners             | 0.006 | 0.007 | 0.032   | 0.006 | 0.007 | 0.007 | 0.007 | 0.000  | 125.000   | 125.000   | 625.000    | 125.000   |
| 2     | 0   | 2    | 0   | 0   | 0   | GET    | /api/owner/sales              | 0.131 | 0.187 | 0.318   | 0.159 | 0.187 | 0.187 | 0.187 | 0.028  | 9017.000  | 9183.000  | 18200.000  | 9100.000  |
| 1     | 0   | 1    | 0   | 0   | 0   | POST   | /api/initialize               | 1.778 | 1.778 | 1.778   | 1.778 | 1.778 | 1.778 | 1.778 | 0.000  | 17.000    | 17.000    | 17.000     | 17.000    |
+-------+-----+------+-----+-----+-----+--------+-------------------------------+-------+-------+---------+-------+-------+-------+-------+--------+-----------+-----------+------------+-----------+

=== 平均レスポンス時間順分析（上位30件） ===
+-------+-----+------+-----+-----+-----+--------+-------------------------------+-------+-------+---------+-------+-------+-------+-------+--------+-----------+-----------+------------+-----------+
| COUNT | 1XX | 2XX  | 3XX | 4XX | 5XX | METHOD |              URI              |  MIN  |  MAX  |   SUM   |  AVG  |  P90  |  P95  |  P99  | STDDEV | MIN(BODY) | MAX(BODY) | SUM(BODY)  | AVG(BODY) |
+-------+-----+------+-----+-----+-----+--------+-------------------------------+-------+-------+---------+-------+-------+-------+-------+--------+-----------+-----------+------------+-----------+
| 13    | 0   | 13   | 0   | 0   | 0   | GET    | /api/app/nearby-chairs        | 3.299 | 4.075 | 49.189  | 3.784 | 4.052 | 4.075 | 4.075 | 0.212  | 42.000    | 882.000   | 4160.000   | 320.000   |
| 24    | 0   | 24   | 0   | 0   | 0   | GET    | /api/owner/chairs             | 0.162 | 3.650 | 71.332  | 2.972 | 3.571 | 3.627 | 3.650 | 0.699  | 728.000   | 19007.000 | 36794.000  | 1533.083  |
| 1     | 0   | 1    | 0   | 0   | 0   | POST   | /api/initialize               | 1.778 | 1.778 | 1.778   | 1.778 | 1.778 | 1.778 | 1.778 | 0.000  | 17.000    | 17.000    | 17.000     | 17.000    |
| 618   | 0   | 612  | 0   | 6   | 0   | GET    | /api/app/notification         | 0.024 | 0.484 | 139.852 | 0.226 | 0.359 | 0.384 | 0.439 | 0.083  | 0.000     | 428.000   | 236329.000 | 382.409   |
| 489   | 0   | 489  | 0   | 0   | 0   | POST   | /api/chair/coordinate         | 0.052 | 0.384 | 79.386  | 0.162 | 0.231 | 0.246 | 0.292 | 0.048  | 29.000    | 29.000    | 14181.000  | 29.000    |
| 2     | 0   | 2    | 0   | 0   | 0   | GET    | /api/owner/sales              | 0.131 | 0.187 | 0.318   | 0.159 | 0.187 | 0.187 | 0.187 | 0.028  | 9017.000  | 9183.000  | 18200.000  | 9100.000  |
| 13    | 0   | 13   | 0   | 0   | 0   | POST   | /api/chair/rides/[^/]+/status | 0.037 | 0.159 | 1.125   | 0.087 | 0.125 | 0.159 | 0.159 | 0.032  | 0.000     | 0.000     | 0.000      | 0.000     |
| 25    | 0   | 25   | 0   | 0   | 0   | POST   | /api/app/rides                | 0.001 | 0.219 | 2.029   | 0.081 | 0.180 | 0.197 | 0.219 | 0.067  | 26.000    | 52.000    | 943.000    | 37.720    |
| 4061  | 0   | 4048 | 0   | 13  | 0   | GET    | /api/chair/notification       | 0.007 | 0.338 | 288.912 | 0.071 | 0.146 | 0.195 | 0.269 | 0.054  | 0.000     | 266.000   | 296928.000 | 73.117    |
| 10    | 0   | 10   | 0   | 0   | 0   | POST   | /api/app/payment-methods      | 0.034 | 0.055 | 0.514   | 0.051 | 0.055 | 0.055 | 0.055 | 0.007  | 0.000     | 0.000     | 0.000      | 0.000     |
| 16    | 0   | 16   | 0   | 0   | 0   | GET    | /api/app/rides                | 0.002 | 0.071 | 0.711   | 0.044 | 0.068 | 0.071 | 0.071 | 0.020  | 12.000    | 2158.000  | 4090.000   | 255.625   |
| 20    | 0   | 20   | 0   | 0   | 0   | POST   | /api/chair/activity           | 0.031 | 0.055 | 0.789   | 0.039 | 0.055 | 0.055 | 0.055 | 0.009  | 0.000     | 0.000     | 0.000      | 0.000     |
| 20    | 0   | 20   | 0   | 0   | 0   | POST   | /api/chair/chairs             | 0.006 | 0.009 | 0.140   | 0.007 | 0.009 | 0.009 | 0.009 | 0.001  | 75.000    | 75.000    | 1500.000   | 75.000    |
| 10    | 0   | 10   | 0   | 0   | 0   | POST   | /api/app/users                | 0.006 | 0.010 | 0.070   | 0.007 | 0.008 | 0.010 | 0.010 | 0.001  | 86.000    | 86.000    | 860.000    | 86.000    |
| 5     | 0   | 5    | 0   | 0   | 0   | POST   | /api/owner/owners             | 0.006 | 0.007 | 0.032   | 0.006 | 0.007 | 0.007 | 0.007 | 0.000  | 125.000   | 125.000   | 625.000    | 125.000   |
+-------+-----+------+-----+-----+-----+--------+-------------------------------+-------+-------+---------+-------+-------+-------+-------+--------+-----------+-----------+------------+-----------+

=== P99レスポンス時間順（上位30件） ===
+-------+-----+------+-----+-----+-----+--------+-------------------------------+-------+-------+---------+-------+-------+-------+-------+-------+--------+-----------+-----------+------------+-----------+
| COUNT | 1XX | 2XX  | 3XX | 4XX | 5XX | METHOD |              URI              |  MIN  |  MAX  |   SUM   |  AVG  |  P50  |  P90  |  P95  |  P99  | STDDEV | MIN(BODY) | MAX(BODY) | SUM(BODY)  | AVG(BODY) |
+-------+-----+------+-----+-----+-----+--------+-------------------------------+-------+-------+---------+-------+-------+-------+-------+-------+--------+-----------+-----------+------------+-----------+
| 13    | 0   | 13   | 0   | 0   | 0   | GET    | /api/app/nearby-chairs        | 3.299 | 4.075 | 49.189  | 3.784 | 3.818 | 4.052 | 4.075 | 4.075 | 0.212  | 42.000    | 882.000   | 4160.000   | 320.000   |
| 24    | 0   | 24   | 0   | 0   | 0   | GET    | /api/owner/chairs             | 0.162 | 3.650 | 71.332  | 2.972 | 3.137 | 3.571 | 3.627 | 3.650 | 0.699  | 728.000   | 19007.000 | 36794.000  | 1533.083  |
| 1     | 0   | 1    | 0   | 0   | 0   | POST   | /api/initialize               | 1.778 | 1.778 | 1.778   | 1.778 | 1.778 | 1.778 | 1.778 | 1.778 | 0.000  | 17.000    | 17.000    | 17.000     | 17.000    |
| 618   | 0   | 612  | 0   | 6   | 0   | GET    | /api/app/notification         | 0.024 | 0.484 | 139.852 | 0.226 | 0.202 | 0.359 | 0.384 | 0.439 | 0.083  | 0.000     | 428.000   | 236329.000 | 382.409   |
| 489   | 0   | 489  | 0   | 0   | 0   | POST   | /api/chair/coordinate         | 0.052 | 0.384 | 79.386  | 0.162 | 0.160 | 0.231 | 0.246 | 0.292 | 0.048  | 29.000    | 29.000    | 14181.000  | 29.000    |
| 4061  | 0   | 4048 | 0   | 13  | 0   | GET    | /api/chair/notification       | 0.007 | 0.338 | 288.912 | 0.071 | 0.051 | 0.146 | 0.195 | 0.269 | 0.054  | 0.000     | 266.000   | 296928.000 | 73.117    |
| 25    | 0   | 25   | 0   | 0   | 0   | POST   | /api/app/rides                | 0.001 | 0.219 | 2.029   | 0.081 | 0.055 | 0.180 | 0.197 | 0.219 | 0.067  | 26.000    | 52.000    | 943.000    | 37.720    |
| 2     | 0   | 2    | 0   | 0   | 0   | GET    | /api/owner/sales              | 0.131 | 0.187 | 0.318   | 0.159 | 0.131 | 0.187 | 0.187 | 0.187 | 0.028  | 9017.000  | 9183.000  | 18200.000  | 9100.000  |
| 13    | 0   | 13   | 0   | 0   | 0   | POST   | /api/chair/rides/[^/]+/status | 0.037 | 0.159 | 1.125   | 0.087 | 0.077 | 0.125 | 0.159 | 0.159 | 0.032  | 0.000     | 0.000     | 0.000      | 0.000     |
| 16    | 0   | 16   | 0   | 0   | 0   | GET    | /api/app/rides                | 0.002 | 0.071 | 0.711   | 0.044 | 0.050 | 0.068 | 0.071 | 0.071 | 0.020  | 12.000    | 2158.000  | 4090.000   | 255.625   |
| 10    | 0   | 10   | 0   | 0   | 0   | POST   | /api/app/payment-methods      | 0.034 | 0.055 | 0.514   | 0.051 | 0.054 | 0.055 | 0.055 | 0.055 | 0.007  | 0.000     | 0.000     | 0.000      | 0.000     |
| 20    | 0   | 20   | 0   | 0   | 0   | POST   | /api/chair/activity           | 0.031 | 0.055 | 0.789   | 0.039 | 0.036 | 0.055 | 0.055 | 0.055 | 0.009  | 0.000     | 0.000     | 0.000      | 0.000     |
| 10    | 0   | 10   | 0   | 0   | 0   | POST   | /api/app/users                | 0.006 | 0.010 | 0.070   | 0.007 | 0.007 | 0.008 | 0.010 | 0.010 | 0.001  | 86.000    | 86.000    | 860.000    | 86.000    |
| 20    | 0   | 20   | 0   | 0   | 0   | POST   | /api/chair/chairs             | 0.006 | 0.009 | 0.140   | 0.007 | 0.007 | 0.009 | 0.009 | 0.009 | 0.001  | 75.000    | 75.000    | 1500.000   | 75.000    |
| 5     | 0   | 5    | 0   | 0   | 0   | POST   | /api/owner/owners             | 0.006 | 0.007 | 0.032   | 0.006 | 0.006 | 0.007 | 0.007 | 0.007 | 0.000  | 125.000   | 125.000   | 625.000    | 125.000   |
+-------+-----+------+-----+-----+-----+--------+-------------------------------+-------+-------+---------+-------+-------+-------+-------+-------+--------+-----------+-----------+------------+-----------+

=== 詳細統計情報 ===
# リクエスト数分布（上位10パス）
   4061 /api/chair/notification
    618 /api/app/notification
    489 /api/chair/coordinate
     26 /api/app/rides
     24 /api/owner/chairs
     20 /api/chair/chairs
     20 /api/chair/activity
     14 /api/app/rides/estimated-fare
     10 /api/app/users
     10 /api/app/payment-methods

# ステータスコード分布
   5220 200
     43 204
     35 201
     19 499
     10 202

# レスポンス時間分布
0.1秒未満: 3366 件
0.1-0.5秒: 1924 件
0.5-1.0秒: 0 件
1.0-5.0秒: 37 件
5.0秒以上: 0 件
総計: 5327 件
